<?xml version="1.0"?>
<opencv_storage>
<Dictionary type_id="opencv-matrix">
  <rows>10</rows>
  <cols>128</cols>
  <dt>f</dt>
  <data>
    0. 0. 0. 1. 63. 2. 0. 0. 50. 2. 0. 0. 176. 14. 0. 0. 176. 18. 0. 0.
    35. 1. 0. 0. 38. 4. 0. 0. 0. 0. 0. 0. 0. 0. 0. 2. 70. 2. 0. 0. 50.
    1. 0. 1. 176. 30. 1. 3. 176. 18. 0. 0. 45. 8. 1. 8. 55. 8. 0. 0. 0.
    0. 0. 0. 0. 0. 5. 57. 39. 0. 0. 0. 17. 0. 0. 47. 176. 55. 16. 15.
    176. 52. 0. 0. 20. 21. 18. 46. 36. 59. 11. 0. 0. 0. 0. 0. 1. 8. 74.
    74. 3. 0. 1. 1. 1. 1. 5. 53. 21. 7. 5. 2. 20. 47. 9. 2. 3. 4. 5. 7.
    3. 57. 103. 11. 2. 3. 3. 0. 3. 0. 0. 1. 118. 0. 0. 0. 113. 21. 14.
    22. 97. 4. 2. 6. 15. 12. 108. 77. 14. 14. 21. 11. 6. 21. 78. 7. 1.
    8. 21. 18. 4. 0. 0. 1. 118. 0. 0. 0. 118. 8. 3. 7. 118. 19. 22. 29.
    17. 5. 24. 25. 15. 50. 118. 36. 4. 7. 29. 5. 0. 1. 110. 45. 4. 0. 0.
    2. 118. 0. 0. 0. 118. 29. 17. 10. 112. 2. 5. 9. 15. 12. 76. 58. 6.
    11. 35. 6. 0. 13. 105. 30. 6. 19. 31. 4. 3. 1. 0. 2. 118. 1. 0. 0.
    100. 25. 7. 3. 87. 5. 16. 23. 11. 8. 34. 3. 2. 12. 91. 22. 0. 1. 32.
    3. 3. 43. 88. 9. 1. 10. 85. 46. 2. 0. 2. 3. 1. 13. 112. 30. 0. 0. 1.
    1. 1. 14. 112. 86. 0. 1. 1. 0. 11. 94. 42. 23. 29. 8. 0. 0. 4. 8.
    63. 88. 82. 9. 1. 1. 90. 39. 112. 26. 14. 14. 22. 42. 13. 12. 68.
    36. 38. 65. 33. 28. 17. 84. 28. 15. 7. 8. 47. 25. 16. 2. 1. 6. 80.
    112. 11. 9. 70. 94. 26. 6. 19. 40. 43. 29. 30. 41. 39. 39. 38. 19.
    35. 112. 23. 1. 1. 1. 3. 7. 92. 112. 41. 10. 0. 0. 19. 102. 33. 8.
    2. 4. 1. 0. 4. 42. 112. 70. 3. 4. 8. 4. 0. 0. 89. 112. 3. 2. 13. 4.
    0. 0. 8. 44. 22. 0. 0. 3. 19. 0. 0. 2. 8. 1. 1. 27. 137. 11. 4. 6.
    137. 3. 2. 8. 33. 6. 6. 42. 42. 0. 0. 19. 137. 0. 0. 6. 20. 0. 0. 4.
    34. 1. 0. 2. 12. 8. 3. 34. 137. 14. 2. 5. 137. 25. 3. 8. 27. 5. 3.
    26. 51. 1. 0. 27. 137. 0. 0. 4. 13. 0. 0. 5. 36. 1. 0. 1. 23. 5. 3.
    47. 137. 20. 0. 3. 137. 13. 3. 11. 37. 5. 0. 16. 60. 0. 0. 28. 137.
    0. 0. 5. 7. 0. 0. 4. 35. 5. 0. 1. 25. 3. 3. 34. 128. 56. 14. 10.
    137. 5. 2. 8. 28. 8. 9. 27. 53. 0. 0. 23. 137. 0. 0. 5. 6. 17. 17.
    4. 104. 110. 4. 1. 21. 58. 111. 3. 12. 28. 15. 8. 98. 111. 43. 1. 0.
    1. 3. 2. 33. 35. 0. 0. 0. 0. 0. 0. 3. 1. 0. 18. 111. 71. 3. 2. 40.
    20. 7. 16. 66. 43. 65. 68. 83. 111. 6. 17. 38. 50. 41. 16. 111. 75.
    0. 0. 1. 0. 0. 4. 3. 2. 0. 17. 111. 74. 0. 0. 31. 51. 55. 33. 72.
    74. 4. 13. 103. 36. 46. 56. 34. 11. 3. 20. 111. 39. 0. 0. 1. 0. 0.
    17. 0. 0. 1. 65. 69. 29. 4. 0. 1. 2. 3. 54. 54. 44. 54. 7. 48. 39.
    4. 4. 22. 21. 26. 5. 107. 95. 0. 0. 0. 0. 2. 1. 0. 0. 0. 29. 60. 4.
    0. 0. 2. 6. 27. 97. 109. 47. 6. 2. 32. 71. 34. 13. 6. 12. 13. 24.
    25. 87. 29. 0. 0. 0. 27. 49. 1. 0. 0. 82. 109. 4. 0. 0. 32. 10. 3.
    104. 94. 28. 48. 49. 65. 15. 4. 11. 32. 65. 66. 39. 109. 20. 3. 0.
    3. 2. 38. 90. 1. 0. 0. 32. 109. 45. 0. 0. 42. 59. 45. 30. 97. 48. 7.
    21. 62. 21. 51. 57. 41. 21. 13. 106. 109. 3. 0. 4. 10. 1. 1. 96. 4.
    1. 2. 109. 67. 5. 2. 6. 19. 8. 7. 58. 39. 29. 45. 22. 109. 46. 4. 2.
    6. 11. 10. 82. 43. 8. 0. 7. 18. 0. 0. 45. 1. 0. 0. 8. 122. 4. 0. 1.
    61. 0. 1. 9. 102. 27. 62. 60. 8. 1. 7. 3. 9. 57. 122. 23. 20. 8. 7.
    2. 2. 6. 120. 56. 4. 0. 0. 0. 122. 1. 0. 0. 122. 1. 0. 2. 116. 11.
    1. 11. 31. 3. 9. 29. 49. 53. 8. 6. 72. 28. 9. 11. 13. 9. 4. 22. 4.
    0. 0. 0. 122. 0. 0. 0. 122. 4. 1. 10. 122. 2. 0. 1. 37. 10. 14. 82.
    84. 15. 1. 2. 90. 40. 8. 10. 8. 4. 1. 19. 3. 0. 0. 0. 122. 0. 0. 0.
    122. 2. 0. 4. 109. 1. 0. 0. 27. 3. 4. 14. 97. 17. 6. 6. 72. 19. 3.
    2. 3. 3. 4. 34. 0. 48. 69. 33. 58. 11. 0. 0. 25. 115. 72. 1. 1. 0.
    0. 0. 15. 28. 27. 23. 1. 0. 0. 0. 0. 13. 55. 6. 0. 0. 0. 0. 10. 16.
    18. 104. 112. 11. 1. 4. 115. 75. 25. 15. 7. 0. 1. 21. 58. 33. 43.
    115. 47. 0. 0. 5. 4. 45. 115. 48. 6. 0. 0. 0. 14. 4. 10. 57. 31. 62.
    102. 69. 65. 48. 28. 24. 2. 57. 104. 29. 13. 25. 39. 115. 23. 30.
    91. 21. 4. 17. 46. 26. 7. 41. 30. 10. 0. 0. 0. 0. 1. 29. 84. 24. 0.
    0. 0. 1. 0. 57. 115. 7. 0. 0. 0. 2. 1. 52. 115. 12. 0. 0. 0. 0. 1.
    111. 103. 8. 1. 0. 0. 1. 114. 2. 0. 0. 65. 0. 0. 1. 97. 13. 5. 20.
    8. 0. 0. 6. 114. 37. 4. 4. 36. 2. 1. 4. 114. 15. 1. 5. 3. 0. 0. 0.
    114. 0. 0. 0. 114. 1. 0. 2. 108. 14. 0. 5. 17. 0. 0. 18. 114. 92. 5.
    2. 38. 1. 0. 6. 114. 33. 7. 31. 3. 0. 0. 0. 114. 0. 0. 0. 114. 5. 0.
    14. 111. 2. 0. 1. 17. 2. 4. 93. 114. 16. 1. 1. 45. 0. 1. 15. 70. 22.
    13. 72. 2. 0. 0. 0. 114. 0. 0. 0. 86. 1. 0. 1. 105. 1. 0. 0. 11. 0.
    0. 5. 114. 10. 3. 1. 91. 0. 0. 1. 34. 7. 2. 8. 8. 94. 66. 9. 10. 10.
    5. 5. 55. 77. 83. 16. 2. 0. 0. 3. 31. 30. 29. 54. 20. 0. 0. 1. 24.
    40. 29. 20. 4. 0. 0. 0. 16. 14. 15. 16. 36. 20. 20. 77. 114. 34. 15.
    18. 41. 14. 5. 24. 105. 23. 12. 114. 114. 0. 0. 8. 114. 29. 8. 50.
    46. 0. 0. 11. 14. 0. 0. 0. 39. 66. 37. 101. 49. 62. 24. 16. 55. 114.
    54. 8. 54. 44. 29. 106. 56. 42. 82. 9. 87. 63. 32. 74. 26. 16. 32.
    6. 0. 0. 0. 0. 2. 24. 17. 10. 0. 1. 1. 0. 3. 70. 100. 5. 1. 2. 1. 0.
    1. 60. 114. 8. 2. 6. 6. 7. 2. 45. 114. 4.</data></Dictionary>
</opencv_storage>
